0.0000000000000000000000000000000000000000000000000000000000000000
4.0117063808897492904748105502221733331680297851562500000000000000
8.0234127617794985809496211004443466663360595703125000000000000000
12.0351191426692487596028513507917523384094238281250000000000000000
16.0468255235589971618992422008886933326721191406250000000000000000
20.0585319044487455641956330509856343269348144531250000000000000000
24.0702382853384975192057027015835046768188476562500000000000000000
28.0819446662282459215020935516804456710815429687500000000000000000
32.0936510471179943237984844017773866653442382812500000000000000000
36.1053574280077427260948752518743276596069335937500000000000000000
40.1170638088974911283912661019712686538696289062500000000000000000
44.1287701897872395306876569520682096481323242187500000000000000000
48.1404765706769950384114054031670093536376953125000000000000000000
52.1521829515667434407077962532639503479003906250000000000000000000
56.1638893324564918430041871033608913421630859375000000000000000000
60.1755957133462402453005779534578323364257812500000000000000000000
64.1873020942359886475969688035547733306884765625000000000000000000
68.1990084751257370498933596536517143249511718750000000000000000000
72.2107148560154854521897505037486553192138671875000000000000000000
76.2224212369052338544861413538455963134765625000000000000000000000
80.2341276177949822567825322039425373077392578125000000000000000000
84.2458339986847306590789230540394783020019531250000000000000000000
88.2575403795744790613753139041364192962646484375000000000000000000
92.2692467604642274636717047542333602905273437500000000000000000000
96.2809531413539900768228108063340187072753906250000000000000000000
100.2926595222437384791192016564309597015380859375000000000000000000
104.3043659031334868814155925065279006958007812500000000000000000000
108.3160722840232352837119833566248416900634765625000000000000000000
112.3277786649129836860083742067217826843261718750000000000000000000
116.3394850458027320883047650568187236785888671875000000000000000000
120.3511914266924804906011559069156646728515625000000000000000000000
124.3628978075822288928975467570126056671142578125000000000000000000
128.3746041884719772951939376071095466613769531250000000000000000000
132.3863105693617399083450436592102050781250000000000000000000000000
136.3980169502514740997867193073034286499023437500000000000000000000
140.4097233311412367129378253594040870666503906250000000000000000000
144.4214297120309709043795010074973106384277343750000000000000000000
148.4331360929207335175306070595979690551757812500000000000000000000
152.4448424738104677089722827076911926269531250000000000000000000000
156.4565488547002303221233887597918510437011718750000000000000000000
160.4682552355899645135650644078850746154785156250000000000000000000
164.4799616164797271267161704599857330322265625000000000000000000000
168.4916679973694613181578461080789566040039062500000000000000000000
172.5033743782592239313089521601796150207519531250000000000000000000
176.5150807591489581227506278082728385925292968750000000000000000000
180.5267871400387207359017338603734970092773437500000000000000000000
184.5384935209284549273434095084667205810546875000000000000000000000
188.5501999018182175404945155605673789978027343750000000000000000000
192.5619062827079801536456216126680374145507812500000000000000000000
196.5736126635977143450872972607612609863281250000000000000000000000
200.5853190444874769582384033128619194030761718750000000000000000000
204.5970254253772111496800789609551429748535156250000000000000000000
208.6087318062669737628311850130558013916015625000000000000000000000
212.6204381871567079542728606611490249633789062500000000000000000000
216.6321445680464705674239667132496833801269531250000000000000000000
220.6438509489362047588656423613429069519042968750000000000000000000
224.6555573298259673720167484134435653686523437500000000000000000000
228.6672637107157015634584240615367889404296875000000000000000000000
232.6789700916054641766095301136374473571777343750000000000000000000
236.6906764724951983680512057617306709289550781250000000000000000000
240.7023828533849609812023118138313293457031250000000000000000000000
244.7140892342746951726439874619245529174804687500000000000000000000
248.7257956151644577857950935140252113342285156250000000000000000000
252.7375019960541919772367691621184349060058593750000000000000000000
256.7492083769439545903878752142190933227539062500000000000000000000
260.7609147578336887818295508623123168945312500000000000000000000000
264.7726211387234798166900873184204101562500000000000000000000000000
268.7843275196132140081317629665136337280273437500000000000000000000
272.7960339005029481995734386146068572998046875000000000000000000000
276.8077402813926823910151142627000808715820312500000000000000000000
280.8194466622824734258756507188081741333007812500000000000000000000
284.8311530431722076173173263669013977050781250000000000000000000000
288.8428594240619418087590020149946212768554687500000000000000000000
292.8545658049516760002006776630878448486328125000000000000000000000
296.8662721858414670350612141191959381103515625000000000000000000000
300.8779785667312012265028897672891616821289062500000000000000000000
304.8896849476209354179445654153823852539062500000000000000000000000
308.9013913285106696093862410634756088256835937500000000000000000000
312.9130977094004606442467775195837020874023437500000000000000000000
316.9248040902901948356884531676769256591796875000000000000000000000
320.9365104711799290271301288157701492309570312500000000000000000000
324.9482168520697200619906652718782424926757812500000000000000000000
328.9599232329594542534323409199714660644531250000000000000000000000
332.9716296138491884448740165680646896362304687500000000000000000000
336.9833359947389226363156922161579132080078125000000000000000000000
340.9950423756287136711762286722660064697265625000000000000000000000
345.0067487565184478626179043203592300415039062500000000000000000000
349.0184551374081820540595799684524536132812500000000000000000000000
353.0301615182979162455012556165456771850585937500000000000000000000
357.0418678991877072803617920726537704467773437500000000000000000000
361.0535742800774414718034677207469940185546875000000000000000000000
365.0652806609671756632451433688402175903320312500000000000000000000
369.0769870418569098546868190169334411621093750000000000000000000000
373.0886934227467008895473554730415344238281250000000000000000000000
377.1003998036364350809890311211347579956054687500000000000000000000
381.1121061845261692724307067692279815673828125000000000000000000000
385.1238125654159603072912432253360748291015625000000000000000000000
389.1355189463056944987329188734292984008789062500000000000000000000
393.1472253271954286901745945215225219726562500000000000000000000000
397.1589317080851628816162701696157455444335937500000000000000000000
401.1706380889749539164768066257238388061523437500000000000000000000
405.1823444698646881079184822738170623779296875000000000000000000000
409.1940508507544222993601579219102859497070312500000000000000000000
413.2057572316441564908018335700035095214843750000000000000000000000
417.2174636125339475256623700261116027832031250000000000000000000000
421.2291699934236817171040456742048263549804687500000000000000000000
425.2408763743134159085457213222980499267578125000000000000000000000
429.2525827552031500999873969703912734985351562500000000000000000000
433.2642891360929411348479334264993667602539062500000000000000000000
437.2759955169826753262896090745925903320312500000000000000000000000
441.2877018978724095177312847226858139038085937500000000000000000000
445.2994082787621437091729603707790374755859375000000000000000000000
449.3111146596519347440334968268871307373046875000000000000000000000
453.3228210405416689354751724749803543090820312500000000000000000000
457.3345274214314031269168481230735778808593750000000000000000000000
461.3462338023211941617773845791816711425781250000000000000000000000
465.3579401832109283532190602272748947143554687500000000000000000000
469.3696465641006625446607358753681182861328125000000000000000000000
473.3813529449903967361024115234613418579101562500000000000000000000
477.3930593258801877709629479795694351196289062500000000000000000000
481.4047657067699219624046236276626586914062500000000000000000000000
485.4164720876596561538462992757558822631835937500000000000000000000
489.4281784685493903452879749238491058349609375000000000000000000000
493.4398848494391813801485113799571990966796875000000000000000000000
497.4515912303289155715901870280504226684570312500000000000000000000
501.4632976112186497630318626761436462402343750000000000000000000000
505.4750039921083839544735383242368698120117187500000000000000000000
509.4867103729981749893340747803449630737304687500000000000000000000
513.4984167538879091807757504284381866455078125000000000000000000000
517.5101231347777002156362868845462799072265625000000000000000000000
521.5218295156673775636591017246246337890625000000000000000000000000
525.5335358965571685985196381807327270507812500000000000000000000000
529.5452422774469596333801746368408203125000000000000000000000000000
533.5569486583366369814029894769191741943359375000000000000000000000
537.5686550392264280162635259330272674560546875000000000000000000000
541.5803614201161053642863407731056213378906250000000000000000000000
545.5920678010058963991468772292137145996093750000000000000000000000
549.6037741818956874340074136853218078613281250000000000000000000000
553.6154805627853647820302285254001617431640625000000000000000000000
557.6271869436751558168907649815082550048828125000000000000000000000
561.6388933245649468517513014376163482666015625000000000000000000000
565.6505997054546241997741162776947021484375000000000000000000000000
569.6623060863444152346346527338027954101562500000000000000000000000
573.6740124672340925826574675738811492919921875000000000000000000000
577.6857188481238836175180040299892425537109375000000000000000000000
581.6974252290136746523785404860973358154296875000000000000000000000
585.7091316099033520004013553261756896972656250000000000000000000000
589.7208379907931430352618917822837829589843750000000000000000000000
593.7325443716829340701224282383918762207031250000000000000000000000
597.7442507525726114181452430784702301025390625000000000000000000000
601.7559571334624024530057795345783233642578125000000000000000000000
605.7676635143521934878663159906864166259765625000000000000000000000
609.7793698952418708358891308307647705078125000000000000000000000000
613.7910762761316618707496672868728637695312500000000000000000000000
617.8027826570213392187724821269512176513671875000000000000000000000
621.8144890379111302536330185830593109130859375000000000000000000000
625.8261954188009212884935550391674041748046875000000000000000000000
629.8379017996905986365163698792457580566406250000000000000000000000
633.8496081805803896713769063353538513183593750000000000000000000000
637.8613145614701807062374427914619445800781250000000000000000000000
641.8730209423598580542602576315402984619140625000000000000000000000
645.8847273232496490891207940876483917236328125000000000000000000000
649.8964337041394401239813305437564849853515625000000000000000000000
653.9081400850291174720041453838348388671875000000000000000000000000
657.9198464659189085068646818399429321289062500000000000000000000000
661.9315528468085858548874966800212860107421875000000000000000000000
665.9432592276983768897480331361293792724609375000000000000000000000
669.9549656085881679246085695922374725341796875000000000000000000000
673.9666719894778452726313844323158264160156250000000000000000000000
677.9783783703676363074919208884239196777343750000000000000000000000
681.9900847512574273423524573445320129394531250000000000000000000000
686.0017911321471046903752721846103668212890625000000000000000000000
690.0134975130368957252358086407184600830078125000000000000000000000
694.0252038939265730732586234807968139648437500000000000000000000000
698.0369102748163641081191599369049072265625000000000000000000000000
702.0486166557061551429796963930130004882812500000000000000000000000
706.0603230365958324910025112330913543701171875000000000000000000000
710.0720294174856235258630476891994476318359375000000000000000000000
714.0837357983754145607235841453075408935546875000000000000000000000
718.0954421792650919087463989853858947753906250000000000000000000000
722.1071485601548829436069354414939880371093750000000000000000000000
726.1188549410446739784674718976020812988281250000000000000000000000
730.1305613219343513264902867376804351806640625000000000000000000000
734.1422677028241423613508231937885284423828125000000000000000000000
738.1539740837138197093736380338668823242187500000000000000000000000
742.1656804646036107442341744899749755859375000000000000000000000000
746.1773868454934017790947109460830688476562500000000000000000000000
750.1890932263830791271175257861614227294921875000000000000000000000
754.2007996072728701619780622422695159912109375000000000000000000000
758.2125059881626611968385986983776092529296875000000000000000000000
762.2242123690523385448614135384559631347656250000000000000000000000
766.2359187499421295797219499945640563964843750000000000000000000000
770.2476251308319206145824864506721496582031250000000000000000000000
774.2593315117215979626053012907505035400390625000000000000000000000
778.2710378926113889974658377468585968017578125000000000000000000000
782.2827442735010663454886525869369506835937500000000000000000000000
786.2944506543908573803491890430450439453125000000000000000000000000
790.3061570352806484152097254991531372070312500000000000000000000000
794.3178634161703257632325403392314910888671875000000000000000000000
798.3295697970601167980930767953395843505859375000000000000000000000
802.3412761779499078329536132514476776123046875000000000000000000000
806.3529825588395851809764280915260314941406250000000000000000000000
810.3646889397293762158369645476341247558593750000000000000000000000
814.3763953206190535638597793877124786376953125000000000000000000000
818.3881017015088445987203158438205718994140625000000000000000000000
822.3998080823986356335808522999286651611328125000000000000000000000
826.4115144632883129816036671400070190429687500000000000000000000000
830.4232208441781040164642035961151123046875000000000000000000000000
834.4349272250678950513247400522232055664062500000000000000000000000
838.4466336059575723993475548923015594482421875000000000000000000000
842.4583399868473634342080913484096527099609375000000000000000000000
846.4700463677371544690686278045177459716796875000000000000000000000
850.4817527486268318170914426445960998535156250000000000000000000000
854.4934591295166228519519791007041931152343750000000000000000000000
858.5051655104063001999747939407825469970703125000000000000000000000
862.5168718912960912348353303968906402587890625000000000000000000000
866.5285782721858822696958668529987335205078125000000000000000000000
870.5402846530755596177186816930770874023437500000000000000000000000
874.5519910339653506525792181491851806640625000000000000000000000000
878.5636974148551416874397546052932739257812500000000000000000000000
882.5754037957448190354625694453716278076171875000000000000000000000
886.5871101766346100703231059014797210693359375000000000000000000000
890.5988165575242874183459207415580749511718750000000000000000000000
894.6105229384140784532064571976661682128906250000000000000000000000
898.6222293193038694880669936537742614746093750000000000000000000000
902.6339357001935468360898084938526153564453125000000000000000000000
906.6456420810833378709503449499607086181640625000000000000000000000
910.6573484619731289058108814060688018798828125000000000000000000000
914.6690548428628062538336962461471557617187500000000000000000000000
918.6807612237525972886942327022552490234375000000000000000000000000
922.6924676046423883235547691583633422851562500000000000000000000000
926.7041739855320656715775839984416961669921875000000000000000000000
930.7158803664218567064381204545497894287109375000000000000000000000
934.7275867473115340544609352946281433105468750000000000000000000000
938.7392931282013250893214717507362365722656250000000000000000000000
942.7509995090911161241820082068443298339843750000000000000000000000
946.7627058899807934722048230469226837158203125000000000000000000000
950.7744122708705845070653595030307769775390625000000000000000000000
954.7861186517603755419258959591388702392578125000000000000000000000
958.7978250326500528899487107992172241210937500000000000000000000000
962.8095314135398439248092472553253173828125000000000000000000000000
966.8212377944296349596697837114334106445312500000000000000000000000
970.8329441753193123076925985515117645263671875000000000000000000000
974.8446505562091033425531350076198577880859375000000000000000000000
978.8563569370987806905759498476982116699218750000000000000000000000
982.8680633179885717254364863038063049316406250000000000000000000000
986.8797696988783627602970227599143981933593750000000000000000000000
990.8914760797680401083198375999927520751953125000000000000000000000
994.9031824606578311431803740561008453369140625000000000000000000000
998.9148888415476221780409105122089385986328125000000000000000000000
1002.9265952224372995260637253522872924804687500000000000000000000000
1006.9383016033270905609242618083953857421875000000000000000000000000
1010.9500079842167679089470766484737396240234375000000000000000000000
1014.9617143651065589438076131045818328857421875000000000000000000000
1018.9734207459963499786681495606899261474609375000000000000000000000
1022.9851271268860273266909644007682800292968750000000000000000000000
1026.9968335077758183615515008568763732910156250000000000000000000000
1031.0085398886656093964120373129844665527343750000000000000000000000
1035.0202462695554004312725737690925598144531250000000000000000000000
1039.0319526504449640924576669931411743164062500000000000000000000000
1043.0436590313347551273182034492492675781250000000000000000000000000
1047.0553654122245461621787399053573608398437500000000000000000000000
1051.0670717931143371970392763614654541015625000000000000000000000000
1055.0787781740041282318998128175735473632812500000000000000000000000
1059.0904845548939192667603492736816406250000000000000000000000000000
1063.1021909357834829279454424977302551269531250000000000000000000000
1067.1138973166732739628059789538383483886718750000000000000000000000
1071.1256036975630649976665154099464416503906250000000000000000000000
1075.1373100784528560325270518660545349121093750000000000000000000000
1079.1490164593426470673875883221626281738281250000000000000000000000
1083.1607228402322107285726815462112426757812500000000000000000000000
1087.1724292211220017634332180023193359375000000000000000000000000000
1091.1841356020117927982937544584274291992187500000000000000000000000
1095.1958419829015838331542909145355224609375000000000000000000000000
1099.2075483637913748680148273706436157226562500000000000000000000000
1103.2192547446811659028753638267517089843750000000000000000000000000
1107.2309611255707295640604570508003234863281250000000000000000000000
1111.2426675064605205989209935069084167480468750000000000000000000000
1115.2543738873503116337815299630165100097656250000000000000000000000
1119.2660802682401026686420664191246032714843750000000000000000000000
1123.2777866491298937035026028752326965332031250000000000000000000000
1127.2894930300194573646876960992813110351562500000000000000000000000
1131.3011994109092483995482325553894042968750000000000000000000000000
1135.3129057917990394344087690114974975585937500000000000000000000000
1139.3246121726888304692693054676055908203125000000000000000000000000
1143.3363185535786215041298419237136840820312500000000000000000000000
1147.3480249344681851653149351477622985839843750000000000000000000000
1151.3597313153579762001754716038703918457031250000000000000000000000
1155.3714376962477672350360080599784851074218750000000000000000000000
1159.3831440771375582698965445160865783691406250000000000000000000000
1163.3948504580273493047570809721946716308593750000000000000000000000
1167.4065568389171403396176174283027648925781250000000000000000000000
1171.4182632198067040008027106523513793945312500000000000000000000000
1175.4299696006964950356632471084594726562500000000000000000000000000
1179.4416759815862860705237835645675659179687500000000000000000000000
1183.4533823624760771053843200206756591796875000000000000000000000000
1187.4650887433658681402448564767837524414062500000000000000000000000
1191.4767951242554318014299497008323669433593750000000000000000000000
1195.4885015051452228362904861569404602050781250000000000000000000000
1199.5002078860350138711510226130485534667968750000000000000000000000
